8373 2997
3551 5657
2453 2289
8413 9230
326 5783
3416 7288
4006 7909
1858 4553
9327 1386
2670 9676
4148 1977
1546 3665
9846 3648
339 5580
97 2269
4267 690
2726 4759
6638 9767
4934 5645
238 5186
2456 4416
1895 389
5889 5221
7211 8117
9279 5634
7607 1890
3484 5205
6018 4201
7134 2842
6355 6434
9295 8491
6787 1670
458 531
7186 8873
9614 2871
3004 8861
9605 6175
3819 2528
4916 3849
471 2054
2820 9407
1717 7392
1082 7278
3662 4281
4061 1957
5130 4321
7741 8129
9142 2220
2878 2170
1109 6690
3317 8448
6393 7778
7448 7080
658 4803
5829 3068
3311 2982
8910 2857
5879 7587
9685 2228
1574 7138
2853 7294
3870 4167
9035 4651
9662 6503
2991 9601
5235 5887
4445 2687
4819 7032
5720 5516
9693 2364
6058 2894
4507 683
1973 5051
773 6357
3516 8811
2079 1411
7124 6383
8586 1015
4674 1673
9309 7842
900 1801
5727 8510
8131 5391
9100 8686
5504 3234
5735 5412
7090 8207
6574 804
1843 2604
285 6841
9420 5795
6774 1213
7694 8076
5094 2540
2935 458
6029 7076
9114 7109
1486 5417
4529 5840
6877 1114
4581 5991
4548 9273
8033 7518
3070 5481
1145 6220
9664 7116
5060 4381
8079 1665
1591 849
7022 3878
5839 8346
6719 8711
1337 4332
6718 2575
1483 8712
9991 7798
2814 7335
2730 191
1026 4879
1211 2636
9804 846
4476 5144
7972 1474
572 2775
1756 6615
4878 3770
1190 7569
3173 7920
6673 3416
3222 1583
9338 4503
2510 6688
8439 8680
7926 7795
1683 3360
1831 321
4915 627
6569 707
9030 907
9569 8555
3842 8509
7547 1548
514 2776
7310 8339
809 1647
3255 7345
9487 1387
1987 5324
4542 4706
827 4713
2116 4355
4387 8767
948 245
3119 2668
3849 400
6665 8275
2750 4844
6708 7565
7967 5885
2648 4109
8956 4998
2251 5953
8678 3377
2549 4557
6967 8417
797 4535
8686 8466
3251 7855
3155 1654
2605 9659
5764 1864
1767 6795
3775 2225
1951 3401
4600 7048
8501 1968
442 6319
7351 3840
2884 4856
2700 9686
6795 7397
6423 1998
6854 2038
9796 4718
6006 7056
4922 6010
498 3339
9349 5756
4867 1325
9221 2783
4563 8595
4855 4009
8737 5005
8769 3013
8960 4218
6743 6489
6949 8426
245 5639
3087 6299
5677 8466
5004 491
847 1228
9518 8560
8751 6101
691 4156
4624 4776
5103 3250
7973 4189
2115 5567
7675 6490
7484 9231
1151 1322
5762 4339
7659 1323
2128 1305
4413 2555
7255 9526
7363 3608
2131 831
6149 7651
2627 7645
368 5622
8165 7762
5862 183
8477 3451
3079 3195
5926 8663
7219 4097
3812 1487
6203 4064
3767 1861
9772 3051
6417 9003
1298 4951
1295 7473
2862 10
4799 2230
8036 851
3125 4884
6653 6843
2928 4041
867 6999
2454 8477
5585 9022
5701 7272
5015 7576
8042 634
590 3416
4174 7231
7945 3529
6468 4979
3175 9485
5417 2405
3982 5959
1911 7378
8947 2494
8745 5369
1532 453
4636 9836
4046 6895
360 4318
6554 993
9781 2068
6805 7812
6043 3922
997 4878
84 3565
4127 5416
8569 8204
6560 1068
9731 9439
1443 2388
2643 5732
542 1960
6101 1001
2055 2718
991 5181
1187 5639
2739 4365
3275 1698
6415 975
157 2024
9728 8637
9562 1058
9810 8710
4833 9436
470 7147
5967 3615
1364 1968
5809 727
1467 3303
8997 3194
7136 9609
2589 7560
580 3730
4622 5013
3903 8261
6924 2209
8099 3508
8098 6714
5525 6045
363 7308
9172 3294
3362 6123
3140 8604
422 2092
5446 6071
8982 9685
4630 4538
3332 3414
6089 6020
7215 1092
798 1496
3479 9707
6271 515
1923 2421
332 2679
9526 5946
9815 6689
309 4568
1081 2467
4381 7723
5638 2338
6709 6049
4189 817
4043 6891
9900 8669
6604 2178
6003 1832
606 5961
8475 9371
3843 6523
2478 789
7847 4135
7588 1168
9684 8912
5503 4119
1102 3258
7684 6097
7671 1840
9670 9148
4870 1053
2595 9242
1605 7687
6196 9030
3489 477
2467 658
6275 7975
1550 8760
8567 7524
2444 6519
1422 6776
6963 4487
701 7490
455 7699
4172 5286
9887 8623
710 6819
4598 8291
8798 3848
1089 1756
8883 6205
4869 1785
7144 7887
1863 377
1334 484
236 6959
146 5357
1726 8837
7182 3109
7455 7994
782 8808
781 6182
351 1806
5330 6754
4520 6043
9209 4898
6143 6793
4673 1655
3503 591
3395 1875
3469 9458
8565 6851
9683 9602
2237 2247
6071 320
5987 6547
8763 5698
3333 2522
5942 2121
4461 5336
2645 4659
560 728
493 3749
1264 7057
2447 6165
6878 8550
8875 6558
8485 9919
2537 3218
2695 3329
8349 5170
7085 1192
3805 725
3606 7310
7177 3657
3956 1190
6552 3096
767 5571
7844 1561
8037 957
4526 9403
8415 6597
3953 2071
4482 9991
1113 2179
3989 3101
9111 9553
2283 8521
9868 3450
4749 572
231 7209
1399 9508
4509 1789
8238 9382
4085 485
8867 5321
2891 3869
4977 3686
7207 4666
6733 2943
8404 6071
6955 9555
267 4775
2027 5495
9484 4492
3058 1344
2569 997
3361 6442
4800 7448
1713 6853
8935 1269
262 5095
765 1449
6717 2739
8604 2891
3794 8459
1342 64
958 8270
6465 5628
9488 1075
147 6428
7109 1449
9411 7184
76 4206
4079 640
3180 5679
6563 4705
5100 2844
7636 9731
7411 7359
8921 3913
4859 1793
9631 6678
9419 7859
2606 3007
1046 6776
8721 3291
9937 9205
6801 7548
7098 759
1404 3428
2950 5952
2175 3010
1423 149
6939 8085
3824 2900
4429 4999
4101 1505
8727 3050
9094 8397
3574 8551
7813 5292
8519 2464
9676 6591
6091 8921
5248 409
6346 7355
6587 8267
483 7571
4414 9361
8671 3007
4035 1340
2925 1742
4226 8913
6614 8692
519 5030
3999 7162
9742 3953
5996 9271
5934 7374
1083 3904
4472 8057
9302 966
2967 6524
3804 2475
6821 2038
8629 6114
5865 6465
1405 7417
8739 6145
6463 2935
1136 8989
7141 5323
2229 2725
6004 5148
5953 8313
3444 6805
9305 2526
281 1007
3238 3058
7773 3017
8391 6134
4758 7972
2146 9967
755 7075
2413 9864
3732 8637
2067 422
5178 9171
4223 7542
8461 9163
3420 6360
1005 9876
1333 167
8431 4621
8832 1089
1948 5088
6074 8338
1557 9834
2309 4639
3744 9202
9734 5817
4355 3916
1720 2222
4403 6913
6892 5435
6325 3194
3017 4689
7127 766
2039 1490
8812 8378
4435 8941
3625 4778
3133 7893
7439 3746
1123 877
8628 1321
3145 7204
3411 3888
9316 8409
75 784
9184 7088
5021 8429
5154 3426
394 7763
1326 7363
5943 4886
4726 8046
3137 7561
836 6593
1888 5374
604 1435
3614 5366
3347 392
9197 9248
5844 2365
9199 8521
9029 3251
4847 7776
9334 8155
1547 6778
1777 2203
7170 987
6010 8628
2172 2839
2042 6403
6983 1173
8205 1587
8243 8417
9404 8518
4782 8856
2328 3810
3160 1987
8863 4218
7061 9400
3851 5183
6421 1261
3108 1727
6124 7879
9052 9008
7928 4010
4595 9272
8016 9453
7284 4833
5910 2631
4113 6050
6860 6827
7957 1818
2443 7059
9381 1992
6183 264
3711 1134
9879 3651
5774 3562
1633 5785
1799 1824
6803 3929
9694 5965
6470 1953
4642 3769
5989 1968
6790 7013
8392 4785
8987 6309
9344 5892
2313 786
9358 5065
8497 7082
789 2968
4547 576
2982 152
6266 1924
7343 5741
6093 4883
4534 5828
1259 1864
1132 4561
4602 3013
5639 6599
4956 7929
4619 3501
7673 4689
4076 2493
8852 5921
2831 3358
7937 6850
9027 2467
761 7570
2374 6677
9389 4076
7495 1941
8066 5595
628 9386
5 7120
748 1591
8946 9295
2638 5907
5132 6060
7560 4976
4338 5445
5863 9275
7444 7247
3016 3823
2545 5405
7377 1917
1142 862
8455 7765
1745 6183
8430 3048
5988 9167
6269 4347
7039 2510
3841 9315
1327 5807
8367 5025
23 1163
1195 197
1844 1760
6642 5876
8229 924
8826 6405
605 5363
9527 3321
8524 9363
3885 5058
4641 7685
3933 114
6268 5308
719 4469
4437 7614
813 286
4064 1980
9901 697
934 8434
8031 7755
3637 4024
4173 8583
9428 3723
8174 4326
7802 5243
3318 901
8715 617
3316 248
8856 7045
8775 4683
8677 1500
6028 3426
3021 543
3590 7304
4768 2976
9506 8325
6033 7245
7889 4294
7695 2579
1775 9591
4087 9304
4940 6979
1150 9566
2667 3718
186 8904
2420 5751
468 8159
5915 3088
5288 7236
8821 8005
3473 7419
1575 6753
2912 4617
6123 4589
1966 596
3515 1933
9926 3950
562 363
8214 4069
4170 1746
4646 5713
4003 7451
8147 395
3276 2858
3477 8611
7993 4667
5231 9290
6645 6898
5449 8268
193 880
699 8274
8725 2176
7405 9151
9188 3285
3935 3928
3476 3940
4696 469
4195 2240
6739 8584
8283 4691
7548 4032
392 6796
7359 2669
1776 6250
5291 6047
2815 7572
9635 5805
1134 5890
5071 5566
5569 5662
6382 2312
1983 386
8529 2244
7070 8460
335 635
8255 9320
1030 9187
5841 4538
5733 7223
1505 9620
5730 1034
4235 2246
2571 2724
2446 3162
4737 8915
4458 4254
8615 213
8581 7388
4051 5355
932 605
2741 6775
6647 6222
9583 9257
7932 2915
7649 1264
1355 103
6309 6823
3442 7415
4058 3284
2615 5282
8638 2034
3850 194
7358 7550
6115 5419
1517 2779
2417 5215
725 371
6852 7164
8912 4328
618 4933
8901 2973
1609 5506
9623 4261
8347 312
6015 7776
11 511
2355 4184
3048 8988
7106 1481
2737 7463
3439 6611
4121 4525
5759 2901
5070 3516
2507 8595
987 4337
223 7208
9958 2702
180 9553
4191 2470
4660 1186
8619 2227
1449 7076
5022 7594
2235 1081
7524 1111
487 5455
5734 943
7206 1180
3997 7362
7515 8649
8452 480
3729 6001
6734 9657
7221 5443
3279 1515
1630 8297
1394 4604
6623 5997
6979 9414
6891 6632
1494 6498
7323 938
418 6155
5958 1872
4074 4888
3406 322
1125 2185
5454 2273
6303 4018
8701 5972
805 9563
8925 2718
4350 9477
1855 2964
5350 4721
5956 740
5299 4000
6806 6268
1519 8956
2917 3893
2359 7849
8496 866
8848 555
6333 983
8724 1220
5951 1069
137 6830
3707 4457
617 4871
4789 7069
1564 1922
5375 1324
5207 6934
6740 4507
8215 5360
6237 298
2157 7103
7855 5426
9284 843
3230 493
5490 9064
185 8360
3020 5073
6414 1880
1320 4044
8463 1963
2612 7955
5026 7094
3671 2698
5498 6441
1967 2896
7845 9555
8836 3650
8561 8807
275 7200
9180 3132
7683 1399
1695 3412
7764 5183
9567 7309
8219 5353
1039 7165
890 3444
3876 7133
4336 6721
7827 3981
9343 63
7658 95
8659 5719
127 3616
3166 3004
5997 2921
4123 5517
1618 8068
5230 4363
9654 7068
5883 8532
9333 8684
1463 3353
4433 5764
6715 7229
7721 1498
9535 269
5311 474
402 2329
9821 6473
684 3986
8148 3538
5469 2984
9494 4626
6031 7424
3393 9140
3646 1762
9884 3643
9430 7100
8206 2813
9408 786
915 9489
2223 8704
9645 6338
1045 1668
8718 1243
2071 1245
9714 6017
2691 610
899 5737
4787 4649
121 7116
5133 1377
4861 3458
8421 2554
8246 5583
8532 181
6100 9650
7947 2884
8804 1301
668 4097
7910 3112
5760 3516
6758 1683
5765 1607
4701 1604
3214 3802
870 9268
6636 2096
4851 3552
8442 123
2960 5034
3308 7336
6689 5369
964 8725
1531 9010
5589 8055
464 2967
3736 5796
790 8488
8621 6863
8339 4701
7154 6504
9355 6
9715 2786
436 1540
7132 5436
4909 9463
3499 3447
6975 2640
8201 5423
8245 1710
5430 1010
2509 6494
4502 9377
6699 7949
4465 4497
5535 6600
6326 8385
3512 4167
1998 4690
8351 7231
785 5203
4728 8749
9304 1371
6307 7968
8949 7017
7402 8944
8192 7925
5550 2362
5794 7206
2391 5196
8813 8815
404 3385
8599 3291
4788 8843
7628 2336
9919 9223
1595 3014
6987 4389
1269 1045
840 2910
1924 2074
4380 8399
2759 3082
8948 4708
771 7315
4206 6809
324 5277
1899 4655
2321 5112
2118 8852
1310 4979
9467 9949
2215 8806
7135 5148
7809 1082
4688 8162
1437 3094
959 2013
425 8898
7639 5258
2684 8383
9386 9694
983 8984
3695 2563
7364 7723
427 1790
1822 6704
2168 9879
1887 744
5055 3562
917 4062
1990 605
8688 2842
5789 5434
1958 2333
7398 541
366 5310
5675 8631
3683 3561
3445 6371
1478 4656
9876 8352
2226 777
7943 2962
4438 8606
7534 80
8985 1371
7145 9032
9395 5635
7269 7769
4115 2185
1044 7761
9220 177
1535 5427
2875 9100
1925 2341
9235 4671
3381 7075
6893 8640
9203 420
9368 8826
4257 3417
3965 72
8007 1909
2641 1445
2092 3815
8133 269
4530 2389
3686 2975
5518 2701
2045 4188
4531 2821
179 3022
5039 1178
5079 8879
1735 6265
7883 6033
1685 2073
924 3190
5453 5309
9649 5532
3993 6503
5870 312
7780 495
2429 7669
9975 542
6711 8619
4596 7727
1642 5469
5763 9087
2924 5721
5893 5531
8289 7685
9509 6103
8810 2165
5539 7127
6232 4886
9109 8261
3974 8223
8924 7329
3607 1693
7463 2684
551 9211
3705 1982
8278 3202
1028 8893
8689 6901
1158 1625
4470 4640
835 929
8699 5958
7653 8361
5238 3457
9682 1056
3716 9598
2722 8966
4615 5853
2093 5859
3093 434
5414 9240
1975 5362
7527 7136
5750 5318
5728 4128
8220 2870
8750 4816
6475 9142
8740 1918
1314 3364
424 2847
60 4115
2457 8133
7335 1035
1035 7686
2911 1309
5563 5832
263 2933
7004 3628
7024 2689
6159 5287
4858 1450
791 5531
7686 3104
6197 8449
4817 2425
8203 3611
8511 7390
4175 6087
943 7402
6547 4496
8094 1957
435 7679
4261 5546
5681 7058
8719 1084
2895 8189
8438 5157
3323 5995
5046 5986
4694 63
2150 5174
892 2487
3887 6748
5126 9690
163 1475
8658 818
7018 3965
723 9948
1878 7973
6931 4610
696 7753
172 3307
4220 1035
5425 2274
3089 7293
4616 1390
6495 2360
3853 9210
5562 9829
6067 2808
3498 1849
7753 9382
2676 1816
1352 9489
8014 8128
4723 9630
2581 7390
6814 8773
8167 8618
8922 104
659 2424
1901 4144
5404 1129
20 6394
619 3806
5028 8228
1374 8315
8941 8201
1253 1728
1558 8449
3184 4120
2135 7221
2415 8598
398 2036
6764 6382
2932 1635
2511 1982
9773 6383
9202 5344
3862 5475
9198 4217
9125 8647
9938 3713
7948 1866
6329 2950
7838 1887
9716 2972
7953 8833
3500 8238
832 8560
6046 4971
2952 2768
7430 9713
9099 8246
5855 1974
9483 6230
9489 5056
7328 2926
1779 3292
6620 7821
4446 1164
1459 2871
9764 6731
2243 7436
2126 2939
174 4641
2147 3623
2076 8497
7621 8915
7246 6335
3228 7212
4843 7501
4999 4717
6971 9046
6771 9594
4591 9817
803 9476
2014 7321
2735 6424
634 2837
9516 3632
1766 2087
3448 7896
7452 9619
7034 8774
9385 1697
2418 2004
6479 8719
2877 6711
1006 7517
7812 9511
2517 2620
9741 3852
9366 1660
6141 2
7303 1358
8483 2753
7479 2287
1120 9223
2997 6755
4831 9901
2594 1860
3878 7820
2662 3169
6443 7543
553 364
6103 3288
3777 5428
8357 9204
5560 2124
8902 5401
1669 1773
6283 8280
40 9428
8487 968
3773 6027
7502 3701
6701 169
7447 9311
7088 6727
4655 8068
8052 6995
7068 1550
8132 268
3677 3054
3943 5741
7397 4942
2839 479
7227 3140
2749 8316
8318 7043
7214 3324
3143 169
7950 1853
9255 9583
6951 9945
1012 1155
5875 6568
8995 8606
6965 5482
2870 1049
923 8841
2804 5896
6135 2848
7506 2884
2463 289
1004 9633
6363 8514
9466 6105
8503 882
9068 7951
7375 2058
7348 4649
9340 7878
8012 5987
5069 9385
5007 7659
460 6850
6399 9396
6601 7098
2177 3512
5935 5941
9422 7505
4017 1398
2799 8767
3639 5881
1725 419
5859 2039
2487 7335
9740 116
5911 3652
2371 3429
4485 6004
252 7501
1566 9543
7261 7674
5198 2935
4778 4610
329 6508
6030 4108
2490 6832
8326 6340
1191 5689
4772 4275
7045 5287
1593 4228
735 9183
1322 3310
4559 6864
3820 2431
6226 8146
3495 7744
5472 5743
6695 9909
8837 9102
3319 8751
5672 1625
6022 159
8490 534
4439 405
9326 1319
5246 8348
5587 5679
650 2952
508 1134
4415 9198
9341 1365
3189 7679
1377 9508
5718 900
2855 8585
9323 199
2687 1702
4725 1937
6407 4579
8723 7843
8230 1636
6191 6176
1189 3654
115 1154
5807 6425
8195 8341
9766 8609
1601 2417
531 9697
1103 6883
4407 7668
6215 8387
2701 4411
8893 909
596 2957
721 535
3822 4640
4850 8590
6707 6107
6180 1371
3877 4191
9726 1244
5423 7972
6219 5351
6663 622
8004 4245
6861 502
3598 1776
8830 3814
2762 6718
9967 7322
1580 1945
3776 6570
2790 9263
4539 6798
1258 5563
391 5292
3730 8851
7614 4761
561 3779
260 3462
7765 2579
1627 9039
3008 7055
6365 3998
2951 6643
3619 7650
292 6085
8770 1850
239 4091
3100 2960
7011 3995
1857 9088
6282 8167
6065 8303
6735 9492
4839 5636
4987 2288
1215 5612
2887 2667
4503 2492
3463 4710
6291 9092
1091 6291
3690 461
2293 7473
1353 7109
2163 8484
1485 2132
9618 8755
3467 1394
9672 8813
6876 8654
6079 8274
6756 4655
265 2463
2943 2815
6664 7532
4260 1341
7496 4261
1025 6302
8508 8561
6646 9238
3233 9689
169 2541
8861 9265
4769 2892
5646 5303
9700 36
2563 7027
9551 2980
7790 5745
7306 2749
2597 8110
635 8166
749 7438
7734 2316
6607 4580
8869 1095
2364 3002
812 787
7927 8469
6476 1992
6534 5525
5121 1201
3863 7506
3694 2753
772 1944
5293 1991
4647 4478
3451 6827
6147 149
6332 5985
4917 6589
5232 4990
3404 6345
4231 1655
7519 6372
1619 3900
4702 7208
9613 4889
2587 8811
2084 9353
4821 1085
7450 6616
2774 5478
4379 2282
3247 9362
9107 563
4256 3594
5513 1400
8403 2195
4279 8307
9185 540
8789 9071
8353 5833
9061 8384
4341 8139
4894 9625
235 8838
6820 3508
3932 8731
8517 4421
2502 1144
754 7734
7112 9777
379 590
2956 1256
7806 8996
2330 8332
7173 535
4517 4186
3390 2962
4675 753
5766 1377
9692 2298
6996 3775
5489 2780
6731 8085
8150 9590
3310 4200
5679 7393
2161 575
7243 2087
9599 8104
3396 3686
3550 9792
4443 2741
8958 8374
6725 4484
9932 931
373 6325
5846 9522
6053 6973
3392 8524
8254 6958
2335 1223
6039 2541
9025 71
5025 2134
9378 4093
5726 7708
8640 8147
5066 4117
4155 7624
6 7945
7391 4353
6581 6645
4687 8133
5063 1258
2872 3313
6535 3245
9297 2176
4023 6981
7748 6134
5102 2259
168 2339
3764 4970
2448 5121
8518 8962
3083 3256
8879 4561
8359 2698
1495 4889
7131 6446
5428 7543
7940 6841
39 3552
266 3629
2217 7844
9300 3658
6213 9810
3414 9612
4420 1502
1811 1921
1796 9454
4816 5870
9860 5721
8498 7011
3737 625
1525 7794
3855 6685
9709 9983
9196 8517
3480 3403
3430 6257
7155 7021
2646 6389
9459 3910
8738 7727
8117 5377
2218 8554
5295 4466
1133 2618
2599 6055
8292 4507
925 9051
9817 5253
1263 4713
5873 5291
6794 390
6736 427
433 5681
8505 4359
3029 8359
3254 6224
8423 1268
1330 3317
4378 1437
6853 4300
5455 2744
5694 8208
443 3620
1798 7065
7076 618
565 137
6730 5426
6583 802
6001 9566
8191 8923
1051 1608
7505 3629
5607 7390
4860 3339
7291 9596
6108 115
3094 5566
8015 7010
5054 9681
6194 9382
6462 6906
6566 2921
7907 5639
3019 78
3803 45
8134 5841
2439 7177
5302 9622
5828 7969
7235 8105
5089 3002
4707 2124
692 2292
1297 717
4606 7115
206 4657
2819 1230
8663 5673
1716 8373
2169 1039
9266 970
7551 7548
1318 3445
5259 6119
6171 229
1415 326
7513 8365
1043 4876
1468 713
1244 2896
9079 9490
9492 6013
6339 7287
5470 6313
1957 6724
395 2524
9749 2312
4983 2218
4265 149
5027 701
8115 5258
2603 8455
4623 9099
883 4538
7623 8007
8591 2662
1115 9106
4047 602
7441 490
9324 110
9972 8521
4766 539
7598 8815
3552 7845
3459 4138
3969 8745
2766 4795
4019 2634
6263 6955
5159 9660
4781 6220
5898 2844
7403 4887
2699 6860
4649 2475
9132 8291
6057 8039
8223 8381
4868 9859
3922 4376
12 4640
9363 1644
8406 8600
9003 3274
3734 6610
9138 1439
9818 9025
2803 8984
1078 5200
4927 7126
5261 2320
5573 8146
9568 6123
6130 4153
9758 7510
4785 3669
1111 723
1645 8625
6394 8129
5506 1575
81 1055
3745 8563
1284 9092
1774 9557
3946 1506
5905 5960
8476 8061
1691 1257
9116 7044
5835 2500
1718 2468
2182 6165
3408 8484
600 6476
4411 2198
4236 6409
6568 6443
8054 3075
8456 3461
3151 9909
3706 7011
7278 8111
9162 5010
6531 1564
211 8632
4208 6331
5868 8720
7423 2265
1383 6276
1803 5501
4028 2735
1276 8888
9679 1419
9167 8419
7372 1823
5213 7777
8179 9850
8726 6444
2265 2990
5918 7838
2963 4994
4814 1987
5005 4289
3195 9675
7349 8506
9628 8258
4045 3639
3838 4342
2964 5436
5965 534
8276 5012
6773 3237
646 6880
1214 8865
9665 3849
3006 1029
3364 7546
545 3493
8047 1496
2916 9055
2535 4213
4147 3459
1122 7505
8787 8006
4695 7323
9137 6240
7394 1266
9260 3952
839 9827
4107 8003
9718 8541
2649 6165
371 1647
7006 341
8446 7045
8275 8425
5317 4211
447 5000
722 9397
2117 1698
9140 7708
5975 4295
9871 6842
3917 6492
4432 7343
7222 3580
2918 5053
7042 4367
9267 825
8424 4663
8657 3236
8085 9096
3510 7646
7481 5718
2975 4180
6906 1184
3059 4487
7994 7302
9165 8796
1473 7128
8911 553
9939 7976
4718 2265
9699 7128
788 1568
130 8175
8533 1944
184 865
7473 7360
4959 1345
7037 5423
563 2775
1563 8772
1908 6757
8793 9886
9159 6215
7631 5644
2047 1389
4 2928
3464 4130
8942 7429
763 6026
4365 9980
8114 2635
4431 2248
8108 9657
1432 430
4699 403
5854 2511
2690 2757
7735 6287
8118 1329
3915 4230
967 4349
5424 8598
8474 8103
6637 4129
2947 5769
3199 6757
8145 845
8029 8000
6383 2750
501 3004
4062 1783
1146 4844
5286 3685
2763 2162
2468 2320
8495 7229
911 245
5998 7782
9377 6515
2727 6066
3507 7683
274 8388
2390 6717
6240 8991
2410 58
9566 8955
4427 2183
14 4354
8270 8744
432 5804
6350 7449
1991 9021
1250 4402
7370 3690
3138 6089
8794 4676
6431 7553
7990 3508
6750 1767
7629 745
9306 6524
2108 6596
5523 8246
7575 4532
8895 6034
1137 9662
4280 5818
341 706
9432 9809
5982 9645
8473 9942
5687 6932
2011 4042
678 31
5502 1265
8467 9745
3366 8033
4815 3314
107 2540
2751 6732
7799 1474
4790 9473
4709 1518
4795 1693
614 931
6613 1734
1311 8872
6575 2736
2765 6667
4165 4076
752 1839
8607 3662
4416 1971
2136 1304
5332 2087
5212 3613
7309 7097
6292 7401
1935 51
9935 9924
9022 5586
1169 2840
8735 6093
9223 3584
7381 740
5257 6395
9050 1938
3845 7819
670 2014
647 4679
5887 9461
5916 1745
2393 2517
1119 3062
5268 2665
6754 4098
3494 5982
1450 3974
7572 3253
2158 1268
711 5360
4662 8109
8253 8952
1148 8122
2733 8762
4804 9363
7414 3742
1335 9755
3099 5647
85 6067
8606 9418
2578 3007
7880 6004
8348 732
3207 4310
5382 1564
2224 5429
6829 4857
7212 6620
3454 4427
2719 8749
8383 5582
1380 3512
8400 5305
8022 507
6459 7835
4299 8359
8502 2163
5758 1094
4196 10
3165 926
3909 7327
1472 6344
3302 2233
7951 4347
2580 3121
9515 3393
4746 4091
4188 9502
8244 513
6342 3694
1870 5160
1309 1400
716 3372
9703 89
2958 3263
8028 2743
8419 6376
9215 600
1635 3266
8972 4787
7710 2087
1764 2584
738 8918
8541 1754
6107 7220
539 8298
3793 209
7130 7895
6156 1894
1567 1529
766 2475
1703 1488
6284 1684
273 2053
2782 5119
5721 2020
5505 7207
8717 1535
8414 436
5399 5430
2068 5605
6596 5684
1907 4219
5024 2353
7239 8640
1237 3117
5189 1346
7240 1345
9669 6609
7229 2375
5796 1423
6654 8173
6335 5637
7178 9448
9011 2956
9359 2214
6461 2316
6507 7412
7174 214
6098 8623
9943 6012
3085 7565
9139 1710
3514 8417
2399 6078
9908 791
7185 9460
5223 8719
8046 1219
8020 6247
1202 6955
4258 4401
9031 7233
3834 9344
4181 3730
6343 2293
479 7407
7478 2745
1375 4571
4535 3840
3513 5236
3342 6613
3645 309
4144 8922
6545 6978
7597 9472
142 6988
5986 6591
8358 8168
1859 4826
5572 2318
9049 5553
9189 6024
5227 5624
927 1662
7012 3096
9743 2367
15 5858
299 1739
6597 7487
4923 8388
7412 6882
8828 3529
2821 2188
6660 5573
6348 9445
5290 9129
2085 4876
1629 4706
8967 1857
6432 2848
732 6828
7934 7445
2394 6197
7518 7181
8679 686
307 7328
7150 1525
4549 7804
3733 5848
8766 7489
9191 2489
543 2725
6871 3556
8465 5731
6139 9121
5564 6954
7046 4169
3071 7520
207 1835
3485 2434
7936 2543
2470 3694
2590 5430
2993 7273
1879 8883
6639 8925
9186 90
8190 8832
7462 9644
6570 1979
2400 558
9342 2511
3893 7898
3988 8740
8397 3738
1628 664
7094 7229
6048 6498
7228 9185
4712 7412
6051 1162
9204 4582
993 1814
1117 7116
6800 1653
7893 3686
7047 6928
5843 3068
3389 6793
9933 3366
8562 6836
4390 7720
7485 1793
9517 9716
8352 8529
3397 6651
5861 5638
7991 7444
2996 5996
3139 1480
7856 6096
1982 8436
3934 6255
7667 8849
2431 5178
6822 6139
8736 4415
6630 8238
5536 6552
8538 5873
7877 3577
1939 6246
2387 3572
7968 9138
9822 9948
3391 7213
7559 4893
5847 945
1071 9938
4097 8869
486 2539
2910 4122
3307 7666
6439 8744
8433 7132
3941 9540
4937 4543
7105 9326
2160 4273
4007 6060
6859 9406
4495 3377
2342 1244
99 211
7020 1406
4895 7711
7251 7352
3432 6154
5981 5855
3504 2442
1808 485
9247 7107
4910 5601
9468 8783
3785 2526
190 1997
2561 873
7033 6942
9145 5955
7474 8003
7540 3571
5119 7953
9426 5191
2007 238
1476 9060
129 7332
6667 1904
9356 7342
7846 1500
6658 980
3084 8976
1381 9781
575 2932
9038 794
777 503
4065 759
3429 1843
8286 6047
8163 1942
5830 2871
7833 7542
1087 8059
4306 5378
6674 9933
214 4456
2149 7542
9774 9670
8913 3120
6019 3914
7995 2346
7279 6457
9843 3520
6199 6402
1439 3643
2740 1091
6245 3420
1949 4474
2021 4657
428 5833
8213 9710
7837 8521
1356 6376
2240 4056
8772 2078
9048 8597
3844 7223
5792 2045
1168 8431
6870 1959
5429 3527
7709 1761
6510 4089
817 9454
414 1919
4262 1614
9118 8587
8917 4683
3223 6766
3621 678
4354 4655
7781 9707
4836 7274
9854 7316
9687 2205
9053 407
6210 1789
7401 387
6359 5479
8449 8097
7731 6644
8767 8324
2449 9494
7295 4592
2099 3129
3872 7002
3635 6638
2915 3642
2893 5363
2565 8048
3055 2674
3631 5608
7257 8197
6837 4186
5075 5169
3991 447
6627 3508
5406 681
1181 8002
3142 4802
5557 7688
5729 3809
4310 13
6467 8048
573 5918
4920 1621
9505 834
683 6487
6134 4173
9642 7904
7596 9758
2921 71
1359 1525
2351 9885
8762 8260
6980 9863
7086 2311
4938 9244
3460 8900
6727 2000
5811 9115
8549 2516
2075 2781
4225 3849
128 3918
1213 1732
2332 7565
9039 2339
8662 2261
1823 8639
4844 4407
4618 2738
3431 8831
1889 4902
9278 7727
5806 1207
6775 145
7803 2861
3326 8731
9219 4474
2955 8851
4444 2557
6500 256
7501 3034
8095 3129
1421 7134
907 3842
2078 8398
718 3655
8919 4613
6959 4990
621 4741
117 6146
7296 9970
2095 7931
383 627
4633 6885
2083 244
3856 5604
5501 6710
9923 1663
8774 1187
5494 4566
6469 3129
1876 6946
318 1917
8539 2477
9236 2414
9942 1502
8996 3026
173 9291
1319 5600
1128 6022
2111 902
2385 1062
198 8106
985 9884
5606 8536
9797 8732
783 4309
2745 783
8998 8086
5156 4077
5078 7994
8849 400
9622 6650
437 1389
689 7455
4771 132
7108 3039
2395 7437
4287 8899
1313 5122
6148 3910
8510 4835
9130 491
4221 1350
3627 9938
3727 5260
9895 1255
7492 4499
3938 257
6595 3259
9508 7760
118 9159
7311 6095
8711 4822
1791 1463
6273 8681
1518 8733
1579 1986
1678 1612
4519 3451
8705 329
2679 4930
2365 6241
4835 7093
5076 5216
2465 2897
4493 7750
2828 209
5294 788
53 7169
5110 2011
8955 9903
104 7737
4334 2228
9519 4770
6087 423
7796 7025
5059 9730
3700 6429
516 4866
8444 3399
6255 6903
5181 1079
547 419
5401 8259
6486 5774
3916 6773
5197 9692
950 2439
9493 375
1107 2378
4049 7394
7955 2414
4738 5223
7470 6801
3127 8906
372 4721
158 9284
6582 3487
9388 6636
315 9240
2705 651
5582 4041
2949 6606
2995 4493
8071 4907
9894 3517
6677 766
3488 4450
4056 5194
6179 171
1085 7774
8038 4416
1023 703
4152 6263
9102 9828
4669 9862
7314 5289
1690 7483
5779 830
9089 5955
5866 4014
5743 9485
4005 5317
9580 6565
3821 2656
9486 1220
8294 9259
6873 1380
5963 1613
2553 8388
8951 6996
6844 816
6235 3364
222 7413
291 4195
6416 8622
4610 1673
9582 7072
138 4059
1556 5617
5292 4888
975 4380
8182 4763
9603 8614
6206 475
4967 7868
52 3909
4773 7833
7795 3476
3150 297
5532 4597
546 372
3182 8935
657 9910
9808 9402
7843 5952
2423 8698
3559 650
1167 8812
6477 2355
7327 9275
9436 8096
1886 2347
7333 6145
4717 362
9874 6952
9015 7541
9005 4927
3253 6892
8926 3863
2592 4579
821 1962
7685 5025
8427 33
9455 2727
6452 9970
1470 8938
5093 6141
3884 4707
4943 6542
7066 8202
3012 3613
3215 9597
1555 5063
7471 7029
5209 7155
4272 4748
6319 2526
2178 4566
9863 2094
9530 4365
4849 4161
1724 4176
2236 9044
3329 8450
7851 4296
3322 3464
4441 7672
6484 463
1688 2511
8006 7546
6164 3014
8396 5338
5264 603
784 7502
3002 2224
7573 2541
4577 5414
8227 9162
8005 1715
1474 7263
6778 8208
5795 6191
2222 2703
3278 7802
3623 1217
8550 5344
6181 2232
6724 5306
1270 7758
7367 5059
8321 7959
4567 7594
1915 8598
7074 6054
2622 4924
9403 4620
465 456
9940 5655
1414 9170
4566 6094
1487 6740
30 6413
3958 2913
9174 4879
1797 5770
7307 2910
8713 8693
5899 9913
3937 6553
818 2380
7528 8871
4038 9312
8670 3594
7638 7761
7143 2904
9423 6892
3107 4490
7576 9654
2069 872
7738 3913
448 4554
4564 1282
7969 3429
7330 9235
4361 6490
2471 7731
8434 1384
5471 8650
1007 5655
7657 4199
774 5915
475 8095
2596 8212
6994 3312
4676 7749
5426 1239
2389 5177
7482 2554
2702 1409
4218 930
8068 3073
5285 4306
8694 5781
9911 5216
8584 7303
9655 7144
4500 8086
5511 3565
8778 8912
1710 3046
1052 5092
6526 9546
916 7736
4199 1574
1551 3122
5405 7869
1679 3773
4639 3628
1620 2676
4153 9608
7117 7378
9999 1612
4301 789
6005 5828
7036 9095
5703 6113
1624 8484
9899 953
9090 4702
302 8186
6447 4924
6777 9267
2319 8263
3183 2887
6498 2486
4492 9968
9855 3858
2523 9612
9268 1903
2623 5574
6451 5909
3673 9699
1441 8735
550 3273
5045 7169
8478 6899
3437 6888
6922 1904
4840 4487
7091 7335
9362 9215
4212 7832
364 4500
6167 6126
3413 5109
7933 2352
343 2189
2100 5668
7 7248
6919 2963
1754 7808
6767 3529
6270 8567
6301 5665
6374 4634
3478 4466
8758 9654
4031 9583
2241 5228
5534 9704
2933 5130
601 9870
4586 1399
1118 1324
8097 4155
6205 6328
5869 6367
8209 8712
8874 6260
6828 2914
8371 4601
1869 5895
131 7088
746 5254
8468 4866
5191 2259
7059 8277
1890 1905
6341 3451
4282 63
429 6488
7811 5920
8611 4716
9352 3041
4071 2070
6556 8157
8756 1911
1186 6324
7852 9548
7449 5643
6676 7216
5155 5602
3891 7510
4059 8597
8780 7002
3062 9302
6362 3153
2386 7281
6970 9231
116 4492
8829 9046
816 2766
8635 2837
4679 3034
7626 6086
9542 5544
9491 3218
6090 7358
1503 7044
5300 4309
9986 2285
2436 728
841 3242
3493 1804
321 0
5187 7620
9357 2975
2829 4535
439 202
2289 8820
3692 9783
2101 239
3502 2206
7601 442
160 207
8605 5604
9950 7078
1636 4326
2876 6110
8516 3685
8731 2506
2368 5953
3786 4205
7148 2866
1941 4272
2434 301
63 8533
980 5550
1013 1112
2822 7512
423 1101
5877 6844
1955 5961
3787 9062
8873 9731
5099 7091
1447 819
79 1063
4141 4860
3717 6486
8660 5638
6331 454
8708 1411
2023 8796
3209 5986
195 8971
1651 8359
9996 2735
7823 8850
598 9189
6749 8276
4103 8134
8417 6807
9836 3412
5517 9465
4300 5407
5900 7780
9230 7669
9396 2138
6875 4766
5973 3911
8144 7722
6351 4525
1653 5308
7602 6602
3421 2128
5793 981
4229 6424
9103 3389
9579 302
2255 5898
6050 2818
7044 4688
6011 2084
320 1521
3067 1814
3806 9691
5420 9798
106 4100
4925 4613
1094 5596
5514 8943
9062 1074
2159 9840
4501 2236
8334 7653
7831 333
6615 2373
5196 3544
1734 1398
2882 2464
1981 8384
6136 7889
4926 9973
2630 1294
8338 1941
4724 2933
1613 1703
4044 2805
2303 7029
9122 2255
6509 9520
244 8012
1526 5360
6958 2415
9869 8181
2334 4629
2404 3332
4841 4520
1316 8384
4487 5918
5255 3804
7312 8095
3403 6343
440 5874
2629 4642
3343 6570
3252 6067
8197 7614
3558 4850
5193 2964
5680 4707
6277 6033
7095 6745
4376 1393
6911 5395
9296 4072
7497 4578
4402 7308
2437 2631
1055 4952
4351 1013
8466 1943
4528 1160
3758 2192
4134 7861
367 4080
9461 7743
2685 4303
7668 5261
6077 8883
4629 5434
4832 8283
6092 4036
2216 9289
2070 3830
463 9474
6785 3613
9680 2941
675 5280
1644 7365
2409 7448
3146 1407
2709 2332
8113 3839
6436 5783
3701 9897
3371 5458
361 193
9134 3018
3331 4893
2521 8232
3691 9416
1301 7372
2640 3412
6827 4800
9831 1770
325 6812
98 9413
6694 5926
9399 1535
2847 7336
4308 6593
1751 2892
1350 5134
9573 1733
9110 465
2974 6455
4436 206
3452 6566
93 1645
3373 5679
5670 3150
2333 3852
5270 8557
4681 7526
6349 991
7083 9633
6110 4649
9095 47
3920 1916
405 1755
1632 4303
9767 1454
3517 8212
7894 5238
5962 4738
3735 816
3861 4834
6214 2295
9807 3300
7732 9500
4608 6247
9610 6298
1804 7238
1511 9162
6395 7203
1251 4565
8618 8377
509 9551
7137 7108
4491 1315
5901 9642
5497 1867
247 6601
4237 9947
4791 1549
8471 1302
7302 2949
9976 8952
4540 2565
7841 8495
9561 5867
7670 7398
1583 7323
4583 1454
4230 1898
5421 6883
1972 3004
8953 8240
7705 9432
660 7346
2830 7684
6012 4975
3410 5641
802 1355
6056 9664
7262 3180
9789 4964
2323 7342
8685 7741
7111 5066
1861 2241
3110 2109
3975 3324
8858 6156
3634 4874
9757 5425
4089 6248
6989 5727
165 8331
7118 7428
6691 6644
5966 9244
1077 4860
3472 1420
2539 1002
2802 1557
1179 4644
3782 5364
1011 9555
6396 130
6132 1585
3206 2761
9369 9291
3455 8070
1203 980
9409 6032
4405 6424
8342 5500
9799 1061
5359 9036
77 3622
9318 9212
1700 1537
4865 1719
286 2629
192 2547
3931 216
9823 3217
1845 4289
1510 3085
5995 4941
4620 411
4774 5698
4450 177
8285 9002
5031 3726
6233 433
5183 6341
9273 8366
1101 6799
823 8388
6746 3255
4254 9366
7110 1238
3535 5424
171 5567
322 3758
9717 3523
2401 9183
7918 8953
5663 6478
3699 2700
1544 6802
1200 8392
9041 2607
7725 382
2731 5464
4217 1149
6373 719
8390 5986
4597 8121
4908 9889
8790 4341
1755 7042
5890 7658
4036 8286
3710 9844
982 2266
6403 1836
6411 2088
4294 4843
2063 7700
4918 9594
2295 491
495 8751
1829 6869
502 3612
1637 52
9253 4089
4077 9638
2012 6010
5961 9554
2983 7212
4546 6778
3271 1885
7775 3769
4582 5818
2041 3805
1638 78
1395 2345
8796 2829
2501 6130
3335 621
9092 4320
6812 9531
6076 5393
5152 6923
9844 9376
3762 3320
4109 4758
4558 2531
3654 8673
2920 3860
205 8049
1317 4853
8556 9730
8878 3665
9701 7235
652 918
311 7770
4863 1028
3926 808
8776 4753
6903 5559
3901 397
1131 577
8078 4148
5509 7232
5571 8818
9233 6260
6127 8494
6323 1282
4871 9978
4078 784
3047 5731
2277 2472
5874 1414
4902 923
8231 855
3208 8784
5301 5951
6742 2644
8500 3053
9607 4575
4975 5275
1527 9128
5486 5911
756 2818
3591 4147
863 1097
494 7462
7147 4666
1062 2662
7587 4159
3599 3432
7613 4612
5949 4239
1782 955
1212 1085
5527 1188
8741 2979
4255 3293
8323 4260
6007 9193
7860 4812
4484 473
3028 9058
7727 3939
4643 5979
6036 6933
3950 8284
6265 6278
6543 5279
4140 5273
9870 8509
7283 4255
4745 9923
5826 9417
9809 3142
4207 8594
3368 8467
1539 8635
4720 5785
4543 7123
3188 4812
7329 1004
630 8607
4883 7331
151 874
2103 511
8252 8118
7840 7404
8575 4220
9310 7834
693 4699
951 4132
7679 6631
7567 8961
3210 8512
5263 9103
4110 8103
1207 9435
4759 2784
9398 7815
387 236
1015 6332
7571 6454
7268 398
9907 542
7971 9083
5724 1229
567 9348
2406 6055
728 4722
8382 397
613 429
1795 1960
707 3439
4683 8877
819 7314
5689 3597
6796 1079
7660 1415
9407 8366
6037 2358
8426 475
7800 77
8462 9689
6002 917
8959 5531
1549 7803
6561 1397
2729 8697
6710 4059
5439 3242
9629 373
1940 5447
9753 2339
1254 5928
6942 2496
375 1578
3655 7320
3350 4649
8884 7049
7231 9489
4486 1170
123 9135
833 5511
9244 8489
3187 5499
3226 9411
7693 2530
485 4360
6293 3234
2129 1439
4239 4940
1552 1186
3172 4610
9083 2345
5923 4297
6060 7963
7365 9469
5871 5630
2879 1331
2746 4589
6591 5601
9872 671
7180 3667
4792 6999
2519 8615
1308 590
4733 9109
1047 2736
4607 904
8999 1276
6064 5530
2585 8506
7355 7299
4029 1063
9149 2331
9382 8583
4463 7735
6095 8753
5786 12
5316 8579
6902 5682
3795 4741
2541 9454
4998 5537
4680 6404
4451 3621
6274 2879
5531 8487
4580 5168
2547 4504
7356 4427
1095 4985
1141 977
3161 7310
438 6319
7717 2139
7213 7659
806 7103
9620 3539
1860 953
4579 3500
8590 7520
853 966
5583 9643
8143 1395
3475 4182
8851 6577
6884 4449
4474 6710
6675 931
7368 970
4151 5750
1392 3420
1812 6724
6195 6756
7290 3907
7026 6798
7300 6279
261 2570
4125 9405
5499 4375
757 3891
8771 8542
9212 2602
5194 7254
2207 7026
6789 8980
4611 2781
6755 2583
2416 5679
1758 3245
665 1893
8412 112
5654 6638
9606 4620
7808 8624
6356 6463
415 8670
7535 8776
5283 9185
3126 4202
7503 3444
1916 153
1252 5250
9990 4916
2358 4813
8411 1540
2469 2085
7788 3703
1827 6225
1278 4063
2652 5432
9183 3948
2508 6179
122 3575
6550 4188
9347 5419
7451 7243
5296 8573
2311 1968
1971 5004
7063 289
3823 7184
5725 4263
686 7804
3829 1705
3022 2666
2339 8357
4494 2747
316 2976
83 1911
5347 1011
6117 2787
5908 5647
6631 1319
8454 9903
4086 549
5310 17
9375 9854
6811 5511
295 631
8655 7582
6923 6547
446 5274
1694 3277
347 5621
9507 6264
2427 4484
385 711
296 5682
9351 6255
742 9201
8188 1072
103 3602
382 9492
6453 6526
2464 354
7054 5949
6391 7405
1014 7284
4730 4410
1455 3113
5135 4612
579 2168
9439 1918
8228 2274
9261 1941
1222 9533
9182 7345
9339 2688
5919 2565
1325 1955
5333 6422
7627 6274
9463 2498
597 4642
4391 1849
2902 8372
8803 4487
2138 2208
6151 9410
1003 3822
8356 7107
4732 2878
2424 5696
8030 6465
1396 6724
7104 9297
9748 5992
9465 2947
8493 7529
4988 5334
7862 3518
13 5598
4663 5534
4684 3953
9364 6238
4698 9412
8506 6185
2230 4727
6783 6392
807 7509
3124 319
1430 6502
6078 4107
1365 5706
8882 2121
9873 5638
8543 7305
1471 8374
8814 7833
3402 2874
1708 7228
6497 3228
8805 3672
6608 6622
795 8598
333 6371
9502 6450
6855 3809
3400 856
6524 9555
5477 9533
6290 1075
935 4131
9902 2034
6611 6516
89 6281
679 4815
4731 9165
751 1012
1988 6877
9371 9266
6704 6256
8279 2820
6748 2545
3900 5059
895 5095
7581 4610
810 6514
8320 7199
622 7809
6953 5781
6070 7493
5974 7077
4645 2469
354 3969
6310 1440
4722 6413
8211 8447
1433 4036
879 7586
661 6648
6986 4193
2245 2359
1611 4133
9372 172
2302 4545
6187 3961
8900 8900
633 6672
4335 1511
2028 736
3031 492
8806 8602
8777 2994
2639 2208
1543 2178
4075 5806
6883 4250
6629 8430
3327 9878
5567 6338
3921 6246
1867 9944
3051 6397
564 9964
4705 108
6082 8249
6578 6822
4710 6410
2575 9737
6693 1783
7120 5714
2396 4301
3461 2273
8470 5380
6925 6706
3030 4591
9006 6156
5450 4551
4576 8650
2281 1864
3796 2805
6982 1926
6400 4856
9452 3974
4177 3571
94 2926
2677 7349
554 7285
9044 9935
7676 1451
2132 1041
9153 4905
7998 1493
632 1012
1458 5438
1283 9114
6879 356
2980 818
536 5583
1138 7505
8974 8865
5468 2539
3689 934
2557 5145
4653 5476
571 4346
227 1225
1871 6902
2247 5872
8102 846
3078 3692
8801 972
2671 4638
1267 4216
591 9624
8954 363
3693 8173
8418 5095
5000 3128
7263 8162
3967 800
3274 4779
6150 6234
636 8736
7954 8337
9733 723
7203 9174
9329 6831
9719 1197
4095 4040
253 1047
965 8347
2466 9359
8702 5814
4780 4384
2525 1727
5968 9919
1257 2708
1646 6589
4080 3905
3892 9702
5002 7244
2653 9878
739 9279
7260 7155
2125 6247
9816 8569
7146 2255
8782 4994
6553 7637
7644 1046
5977 4556
4584 7421
2927 2336
4575 9693
9365 653
5813 2938
5476 6126
3434 8814
8676 221
3123 7029
2483 1468
1714 856
3771 4800
3765 7663
7742 4725
3972 7017
9206 6046
8398 5608
1477 6269
6099 2177
2480 8637
2257 1874
5732 9792
5398 6671
7630 5720
5068 6904
5256 4837
6885 5582
2020 8164
4190 3900
7730 4967
1548 1082
2091 3255
4448 5413
3132 8520
9790 1246
7445 7999
1324 4076
8937 7599
6933 4105
7886 2325
9146 4627
7378 1988
4631 9718
667 7271
1221 1328
1075 6443
9686 3897
4480 3412
5431 962
2419 6158
4039 5053
7902 2962
4887 5679
2331 1958
838 9624
7038 1668
3957 4310
7797 5378
3644 4448
2151 1067
9131 6827
4589 814
6895 6375
1166 5715
1545 3290
9058 6353
7609 4145
9036 4296
3422 2219
4026 8304
8811 774
37 1985
7005 5833
3526 9381
8196 3491
1420 4663
6295 6650
1597 461
7756 8436
7966 4543
2279 7427
3813 2096
3679 9984
534 9277
513 3466
2445 3519
7772 9896
4092 2776
2473 5269
7574 6969
631 9577
3687 4181
5269 9460
1589 976
4587 6950
2689 9749
2675 3062
708 723
758 4353
7167 464
7224 8
8989 6796
3873 1929
7589 8362
780 5281
5838 6104
6947 8879
3936 4522
3458 3054
5402 8531
8325 5945
401 4102
212 5631
8916 4961
552 3334
9108 6072
1127 4864
2137 1969
1206 1236
1261 7538
6825 9506
5153 293
6999 6089
4518 7088
4114 1985
408 4860
1240 8267
8062 3740
3443 3330
9238 17
6357 5839
1100 1212
5507 3102
5565 440
8623 3545
61 3885
5488 2908
8507 5993
7881 2167
1852 875
8366 4044
3908 9124
5782 7407
3640 4578
1277 4628
3675 6886
22 3632
4037 7981
9087 6716
7250 6336
6886 6428
9470 4234
3567 858
9612 6979
8341 8286
5551 4093
7549 4653
4120 6495
4027 4843
3971 2212
4845 1153
6267 4626
7267 4083
6770 6699
1038 3123
183 8972
7952 4228
8892 1557
8530 4098
9673 3455
9788 8308
7353 8742
4302 2364
452 8930
6231 2993
4422 4123
654 6380
3374 658
469 7214
1367 8810
5118 7297
3676 4690
2392 4004
4364 1006
8293 4548
4798 8786
6628 6570
2683 2496
1513 8264
2421 3263
6846 5551
649 2409
8585 1933
4625 7360
159 6722
2107 8221
5590 3813
5326 8128
5177 3124
610 3344
7043 2819
2155 7310
7875 6527
9231 1031
1358 8151
462 2059
8405 7348
5383 6618
7516 2097
4410 2833
8180 3766
9218 5147
6140 2330
6347 2349
9617 1629
1684 9000
8526 7781
5166 533
7159 3971
612 9124
1060 1980
389 4638
5674 6174
8491 2975
8934 2120
8969 6071
3468 1352
6565 9873
3205 303
4866 6586
5465 4594
2582 293
6420 5628
9541 1822
1533 1050
8672 6863
8011 5163
6910 7897
4158 7183
733 7770
5512 3773
8324 8529
8525 1098
8940 2709
2579 5253
7929 145
744 8254
9653 3119
6390 606
7428 8735
2669 9261
9598 4492
828 4630
7013 202
9695 8034
1625 9664
3807 6872
2123 6291
9123 3678
6503 2153
8854 4012
2494 3144
3010 2152
544 3180
5878 6923
134 4199
7103 5657
7244 3266
627 6320
5902 2732
5515 232
2372 4351
9350 7401
1040 1423
8110 8993
9862 3319
2043 5339
5955 53
1914 3722
5540 931
1749 6988
4102 159
4514 7275
3262 1556
3814 2753
6236 575
3790 6315
518 4862
3986 7742
2062 3661
8627 9491
1892 8166
3009 612
38 4853
2411 1497
1542 3556
1230 7320
328 798
3134 4546
7014 2462
4690 8864
7716 7581
9173 889
8084 7941
9805 3259
44 5028
108 5039
3929 8635
8135 532
393 5425
4156 8474
3027 4733
4857 9731
2038 3657
8370 3875
2919 4562
996 2012
9780 3716
2145 9012
376 8140
2742 5640
8127 9588
8336 3478
4132 4410
2738 4611
1196 3766
9830 660
5588 9450
9397 7328
7595 7184
909 5768
7500 6440
5543 6709
2707 9995
1173 2046
4069 9426
8040 6261
47 6424
9002 5146
9156 8585
8374 4829
9765 195
7582 5829
6819 3396
4562 1355
6454 271
4511 326
3883 8272
6981 1977
8354 5906
1910 6179
1238 4678
7198 1572
2723 1679
793 3563
8886 9569
4903 4046
3294 3803
1440 6890
1294 1338
6962 9227
822 8474
1427 6883
6973 789
3911 8176
8903 9042
6243 4063
342 625
4135 3175
8691 5732
5260 5866
420 8769
67 1492
4453 5748
1379 2779
1149 361
9370 9048
5342 2726
9086 2110
4656 1694
4661 5804
9755 2632
6499 900
3417 1905
7116 5231
7318 3745
5438 5326
6643 4228
2962 8002
7209 1672
9069 1182
7569 8070
3955 5215
4159 1934
8291 1616
426 1655
7931 5382
9037 8331
3802 9827
1947 7456
9532 1137
7908 3732
8612 7328
5894 4526
1727 5884
6874 9294
9845 4842
1514 7606
2173 2175
6173 7157
7697 6863
7647 5489
3046 1037
3858 8014
6034 2794
2044 4279
9577 6068
9093 6092
59 1301
8797 7022
5622 1166
2451 7650
2930 4650
7718 7309
6198 4646
6364 9373
3542 6205
7023 4299
6599 7893
2688 7497
4797 4787
2948 7662
8927 1217
6655 7680
7729 9655
8515 7873
8019 5707
1243 1223
6212 7376
6111 1964
381 1525
6081 5324
1059 9161
8943 8959
34 5392
5419 4602
1315 565
9045 5916
1748 4989
5555 1686
8395 7837
4846 9418
7646 4577
6188 9354
6380 6721
4478 8962
4951 5532
3153 5717
8425 2175
6798 5581
2046 5413
4352 2400
9438 4879
9434 1489
8103 5118
7550 6631
4666 3959
6422 2298
6063 6652
4716 4864
6716 1677
5014 4230
6246 1519
2642 3563
2461 3276
5822 5670
1303 972
949 3010
2285 7459
8656 1135
5092 5742
2206 4172
33 4195
1065 2311
9974 2040
7921 7314
5575 560
1268 2495
334 6324
2366 643
7737 9394
4360 1172
603 3316
4691 2567
9042 5166
1989 1470
6559 8263
6881 847
1454 1214
4905 6791
1652 6796
6670 2224
1434 9931
5250 2367
2435 2518
3486 3076
7701 6902
9082 284
8894 8085
5090 9588
9782 8644
7216 552
4807 9987
5787 4888
2472 2511
6669 1666
232 2893
8846 5396
1851 1780
6278 8442
80 2294
5174 2297
9861 1252
4033 8533
2458 3687
5151 6910
7055 3831
8032 8207
9410 9825
9023 9604
1693 2871
3053 3435
6438 19
2668 161
6241 401
7512 5197
9711 4603
2613 2690
9886 160
8602 2623
5631 9203
4805 7874
7511 3038
5234 1057
5158 2514
4974 2201
3111 1237
4740 5442
6397 9321
4703 801
726 7851
9447 1693
8175 8597
4150 2774
109 4757
599 6175
9775 3165
931 5220
3330 8950
7460 6658
4210 3882
8819 7500
6133 3611
5215 2833
7165 2234
6867 872
6502 4379
5463 6739
8683 3006
5662 2844
3418 955
1842 8296
9702 1502
5427 223
2296 9743
1446 7409
8181 2535
2219 3878
400 80
7635 9089
5731 9863
3781 4481
1024 4219
4551 440
1143 8548
7763 7276
8247 2698
5019 4635
4736 8821
7715 7271
3708 2814
1282 8330
9063 8507
6602 8873
2142 5869
1615 7510
7650 1415
5971 7972
9187 4804
7767 1646
8639 9645
5452 262
4469 4277
7082 9167
7625 3852
3491 1674
4627 1853
450 6875
6747 4271
2388 9773
9525 2081
4614 8959
5824 6461
4634 4619
1715 8398
8372 4587
4957 880
6371 8043
9819 5436
6772 112
974 3182
3287 5154
3647 2250
9195 1987
5537 3005
9013 1577
1622 1034
9638 3385
7925 1874
5253 1111
6297 9775
2686 4851
8151 4639
6254 9720
5462 7591
8579 3329
5907 3138
743 9607
5284 2274
8464 4467
167 7237
669 7922
8764 2202
9705 7487
2363 8085
6334 600
1590 9838
3702 4806
2972 4582
5447 9839
9057 678
9510 8075
4362 8927
3339 156
6072 5039
5167 6469
695 5422
2584 6556
441 2233
8290 5264
6661 8900
1260 1377
4510 5365
3449 5325
5925 5827
350 7231
9956 3426
4670 2666
6384 7300
1631 2871
3801 4741
852 5841
6700 8833
1719 8603
2450 2250
9308 2308
6073 168
8915 4911
8109 6705
6085 8215
3566 2239
7468 9010
6114 5155
3830 4234
4906 8525
7007 1878
9524 1493
2868 4965
5842 7367
2863 4053
5125 89
9345 8074
581 7442
8857 1494
1847 6885
5798 5019
4862 2985
9071 8123
187 811
2559 7319
6810 8326
8791 8196
7040 9890
191 5976
8527 1922
6941 6246
5262 1582
1599 3495
8823 3816
6377 9248
4014 8277
1042 1743
7689 8462
5542 5185
981 6641
753 407
3315 3386
7919 4428
5655 7529
3629 9137
6836 8238
4286 4551
786 7279
2119 579
8918 9852
2892 183
2253 9676
4911 9457
9017 3899
5247 3680
1815 5616
1839 2224
2430 8383
1063 1441
903 4523
656 5543
6862 3352
8614 4793
3750 1514
9523 8029
9367 8910
1175 8922
4271 2034
6119 7675
7711 5694
3709 7672
1147 6891
5827 9590
7564 5995
2903 3127
78 9805
1048 1519
6285 4946
2660 1941
95 7871
251 867
1457 9670
1329 3851
2170 3576
4626 4690
7101 5072
6990 7395
4806 519
3817 1195
4142 3641
6218 6865
9998 9752
2994 948
9752 3447
6083 476
7698 2743
4180 3428
1236 4936
8450 274
4084 657
4146 4546
3998 3838
5972 9649
6598 1996
3198 5092
1027 9891
9589 4390
1875 389
6061 7278
8319 7951
5297 6010
3930 7844
7305 3812
3490 8580
8860 7343
8086 7109
9745 8377
453 9597
3179 3019
4168 7513
2441 5621
8644 7504
5279 9472
7591 6366
8779 9879
5788 6913
4604 3129
5702 8959
6327 182
2873 1497
7100 189
7151 1253
2362 9225
8747 8656
5134 553
3470 8252
4133 9287
2315 8284
8053 9414
3202 3990
8965 6154
8013 4720
3328 6235
3401 9741
2054 5052
4366 9354
4837 5755
6457 8862
1255 6681
7123 5365
5775 6530
5111 4669
8630 1256
7605 6434
1722 8420
5876 599
1891 9512
6260 444
8981 9782
595 1005
8742 1092
4989 2553
787 2249
7553 3035
6014 2969
6766 9484
1964 3938
2231 7790
8055 7742
9270 6496
4219 3429
6835 5612
8437 9776
499 3123
6927 4014
3519 5898
